00037
00064
00091
00118
00145
00172
00199
00226
00253
00280
00334
00388
00415
00450
00469
00496
00550
00577
00604
00631
00658
00676
00712
00739
00766
00793
00820
00847
00901
00921
00955
00970
00982
01009
01036
01063
01090
01117
01144
01171
01198
01225
01232
01252
01279
01306
01333
01360
01387
01414
01441
01468
01495
01522
01549
01603
01630
01657
01684
01711
01738
01765
01792
01819
01846
01873
01900
01927
01981
02008
02035
02062
02116
02143
02153
02170
02197
02224
02251
02278
02305
02332
02359
02386
02413
02440
02467
02494
02548
02575
02581
02590
02602
02629
02656
02683
02710
02764
02773
02791
02825
02845
02899
02901
02912
02926
02953
02965
02980
03007
03034
03088
03115
03142
03158
03196
03223
03250
03277
03304
03331
03358
03365
03375
03385
03395
03412
03439
03466
03493
03520
03547
03601
03655
03682
03709
03736
03763
03790
03817
03844
03871
03898
03925
03957
03979
04006
04021
04033
04054
04060
04087
04114
04130
04168
04195
04222
04249
04276
04303
04330
04357
04384
04411
04438
04465
04519
04549
04573
04587
04600
04627
04654
04681
04708
04762
04789
04816
04843
04870
04897
04924
04951
05005
05032
05059
05086
05113
05140
05167
05194
05221
05248
05275
05302
05329
05356
05410
05423
05437
05464
05491
05518
05545
05572
05599
05653
05680
05707
05734
05761
05788
05815
05842
05869
05896
05904
05923
05958
05977
06004
06031
06058
06076
06085
06112
06128
06139
06166
06186
06193
06220
06247
06261
06274
06301
06335
06355
06382
06436
06463
06490
06517
06571
06598
06625
06652
06679
06692
06706
06733
06760
06770
06779
06787
06814
06841
06868
06895
06922
06949
06976
07003
07030
07057
07084
07111
07138
07165
07192
07219
07246
07273
07300
07327
07354
07381
07408
07462
07489
07508
07543
07597
07624
07651
07678
07705
07732
07759
07786
07813
07824
07840
07867
07894
07921
07948
07975
08002
08029
08056
08083
08137
08164
08191
08209
08218
08245
08272
08299
08326
08353
08380
08407
08434
08461
08488
08515
08542
08569
08623
08650
08677
08704
08731
08749
08758
08785
08812
08839
08866
08893
08920
08947
08974
08992
09001
09028
09055
09082
09109
09163
09190
09217
09244
09271
09298
09325
09352
09379
09406
09433
09460
09487
09514
09532
09541
09568
09600
09622
09649
09676
09703
09730
09784
09801
09811
09838
09865
09892
09919
09946
09973
10000
10027
10081
10135
10162
10189
10198
10297
10324
10351
10378
10405
10418
10426
10459
10513
10540
10567
10594
10621
10648
10675
10702
10810
10837
10864
10891
10918
10945
10972
10999
11026
11040
11053
11080
11107
11134
11161
11175
11188
11215
11242
11269
11296
11323
11350
11377
11404
11415
11431
11512
11539
11566
11575
11593
11620
11647
11674
11701
11728
11755
11782
11809
11836
11863
11872
11890
11917
11944
11971
11998
12025
12052
12079
12106
12120
12133
12160
12187
12214
12241
12268
12295
12322
12349
12376
12457
12511
12565
12592
12646
12700
12713
12754
12781
12808
12835
12862
12872
12889
12890
12916
12943
12970
12997
13024
13051
13078
13132
13159
13170
13177
13221
13240
13267
13294
13321
13348
13375
13402
13429
13456
13483
13510
13537
13550
13564
13591
13618
13645
13699
13753
13807
13821
13834
13850
13861
13915
13969
13996
14023
14050
14077
14104
14158
14185
14212
14239
14266
14320
14347
14374
14401
14428
14455
14482
14536
14556
14570
14590
14644
14671
14698
14705
14752
14779
14806
14833
14860
14887
14914
14968
14995
15022
15049
15076
15083
15090
15103
15130
15157
15184
15211
15238
15265
15292
15319
15346
15373
15400
15427
15454
15481
15508
15535
15562
15589
15600
15616
15643
15670
15697
15724
15751
15769
15805
15832
15859
15886
15913
15940
15967
15994
16021
16048
16075
16102
16140
16156
16171
16183
16210
16223
16237
16264
16291
16318
16372
16426
16453
16480
16534
16561
16588
16615
16642
16696
16750
16777
16831
16858
16885
16912
16939
17047
17074
17101
17128
17155
17182
17209
17236
17263
17290
17317
17344
17371
17398
17420
17452
17479
17506
17514
17524
17533
17560
17625
17641
17668
17695
17722
17749
17776
17803
17830
17857
17870
17884
17911
17938
17965
17992
18019
18046
18100
18127
18154
18181
18208
18235
18262
18289
18316
18343
18370
18383
18397
18424
18451
18478
18505
18532
18559
18586
18613
18667
18680
18694
18712
18721
18748
18760
18775
18802
18829
18856
18883
18910
18937
18964
18991
19018
19045
19060
19072
19099
19126
19153
19180
19207
19234
19261
19288
19315
19342
19369
19396
19423
19450
19477
19504
19531
19558
19585
19597
19612
19666
19693
19720
19755
19774
19801
19828
19882
19909
19936
19990
20044
20071
20098
20125
20152
20179
20206
20233
20247
20287
20314
20341
20368
20395
20422
20449
20476
20503
20530
20584
20595
20611
20632
20665
20692
20719
20746
20773
20800
20827
20854
20881
20890
20908
20935
20962
20980
21016
21043
21070
21097
21124
21151
21178
21205
21220
21232
21259
21286
21313
21340
21394
21421
21448
21475
21502
21529
21556
21583
21610
21637
21664
21691
21718
21745
21760
21772
21799
21826
21853
21928
21934
21961
21988
22015
22042
22069
22079
22096
22110
22177
22204
22231
22253
22285
22301
22312
22366
22393
22420
22427
22435
22447
22501
22528
22555
22582
22609
22690
22717
22744
22771
22798
22811
22825
22852
22864
22879
22933
22960
22987
22995
23041
23095
23102
23122
23149
23176
23203
23230
23257
23284
23311
23338
23365
23392
23419
23446
23473
23500
23513
23527
23554
23608
23635
23662
23689
23716
23743
23770
23797
23824
23851
23878
23905
23959
23986
24013
24040
24067
24094
24121
24148
24175
24202
24229
24256
24283
24310
24329
24337
24364
24391
24418
24433
24445
24472
24499
24526
24539
24553
24580
24607
24634
24646
24688
24715
24769
24796
24823
24850
24877
24904
24931
24958
24985
25012
25025
25039
25093
25120
25147
25174
25201
25228
25255
25282
25309
25336
25363
25390
25417
25444
25480
25498
25579
25598
25660
25687
25714
25741
25768
25795
25802
25813
25849
25876
25903
25930
25957
25984
26011
26024
26038
26065
26092
26119
26146
26173
26200
26227
26254
26275
26308
26345
26362
26389
26416
26443
26470
26497
26524
26551
26578
26632
26659
26686
26713
26750
26767
26794
26821
26848
26875
26902
26912
26956
26983
27010
27037
27064
27070
27076
27085
27118
27172
27199
27226
27253
27261
27280
27290
27300
27307
27334
27361
27372
27380
27442
27469
27496
27523
27550
27577
27592
27604
27631
27658
27685
27712
27739
27750
27766
27793
27820
27847
27874
27885
27901
27928
27955
27991
28009
28063
28090
28117
28144
28171
28198
28225
28252
28262
28306
28333
28360
28387
28414
28431
28441
28468
28495
28522
28549
28576
28603
28624
28657
28684
28711
28738
28765
28782
28819
28846
28860
28873
28900
28954
28981
29008
29035
29062
29089
29116
29143
29170
29224
29251
29265
29278
29305
29332
29359
29413
29440
29467
29494
29510
29521
29548
29575
29602
29656
29683
29698
29710
29737
29764
29775
29791
29818
29845
29872
29899
29953
29980
30007
30034
30061
30088
30115
30142
30171
30196
30223
30250
30277
30304
30331
30358
30385
30412
30439
30466
30493
30520
30547
30574
30601
30628
30655
30682
30736
30748
30755
30763
30790
30817
30844
30858
30871
30898
30925
30952
30979
31033
31060
31087
31114
31150
31158
31168
31195
31222
31249
31276
31303
31330
31384
31411
31438
31450
31465
31478
31492
31519
31546
31573
31600
31627
31681
31735
31762
31789
31843
31870
31897
31924
31978
32032
32059
32086
32113
32140
32167
32194
32221
32248
32275
32302
32329
32356
32383
32437
32451
32491
32506
32518
32572
32599
32626
32637
32653
32707
32720
32734
32761
32788
32815
32842
32850
32869
32896
32950
32977
33004
33031
33166
33193
33220
33247
33274
33301
33328
33355
33409
33436
33463
33490
33517
33544
33598
33612
33625
33635
33652
33679
33695
33706
33733
33749
33760
33787
33798
33814
33841
33868
33895
33922
33938
34003
34030
34057
34072
34084
34111
34138
34151
34165
34192
34219
34229
34246
34273
34300
34327
34354
34381
34397
34408
34435
34462
34470
34478
34489
34516
34543
34554
34570
34597
34613
34624
34651
34678
34705
34759
34786
34813
34826
34840
34894
34921
34975
35002
35029
35083
35137
35164
35191
35218
35272
35299
35326
35353
35380
35407
35434
35461
35488
35515
35542
35569
35596
35623
35677
35690
35704
35716
35731
35758
35785
35812
35839
35866
35893
35920
35974
35987
36001
36028
36055
36082
36109
36136
36190
36217
36231
36244
36271
36298
36325
36352
36396
36406
36433
36460
36514
36541
36568
36585
36622
36649
36676
36703
36730
36784
36798
36811
36823
36838
36865
36878
36892
36919
36946
36973
37000
37054
37081
37091
37108
37135
37145
37162
37189
37216
37232
37243
37324
37378
37405
37432
37459
37486
37513
37540
37567
37594
37621
37648
37675
37702
37716
37729
37756
37783
37810
37823
37837
37864
37891
37918
37945
37959
37972
37999
38026
38053
38080
38134
38161
38172
38215
38242
38269
38296
38323
38350
38404
38431
38445
38485
38566
38580
38593
38620
38647
38674
38713
38728
38755
38794
38809
38823
38863
38890
38903
38917
38944
38971
38998
39025
39052
39079
39133
39160
39187
39214
39241
39268
39295
39322
39349
39376
39403
39416
39430
39457
39511
39524
39538
39565
39592
39619
39646
39673
39700
39712
39727
39758
39781
39808
39821
39835
39862
39916
39943
39970
39997
40024
40078
40105
40132
40186
40189
40213
40240
40267
40294
40321
40348
40375
40402
40429
40456
40537
40547
40564
40591
40618
40645
40672
40699
40726
40753
40780
40807
40834
40861
40888
40915
40942
40955
40969
40996
41023
41050
41077
41100
41131
41158
41185
41212
41239
41266
41293
41320
41347
41360
41374
41401
41482
41509
41536
41563
41590
41617
41644
41671
41698
41725
41752
41779
41806
41833
41914
41941
41995
42022
42049
42076
42103
42157
42184
42211
42265
42319
42346
42373
42400
42427
42439
42454
42481
42508
42535
42562
42616
42643
42670
42697
42724
42751
42778
42805
42832
42849
42859
42870
42913
42967
42978
42994
43021
43048
43064
43075
43102
43115
43129
43210
43217
43227
43237
43253
43264
43291
43345
43372
43383
43399
43426
43453
43480
43507
43534
43561
43571
43595
43604
43615
43642
43669
43696
43711
43723
43777
43804
43818
43831
43858
43885
43912
43939
43966
43993
44020
44047
44074
44128
44155
44182
44209
44236
44263
44290
44317
44344
44371
44398
44425
44452
44479
44506
44533
44560
44587
44614
44641
44668
44695
44722
44738
44789
44803
44830
44857
44884
44911
44925
44938
44965
44992
45032
45073
45100
45112
45127
45154
45181
45235
45262
45289
45316
45343
45370
45397
45424
45436
45451
45478
45505
45532
45586
45613
45640
45667
45694
45721
45748
45761
45775
45802
45829
45844
45856
45883
45910
45937
45964
45991
46018
46045
46099
46126
46153
46180
46207
46234
46261
46315
46328
46342
46396
46423
46450
46465
46477
46489
46504
46531
46558
46585
46612
46639
46652
46666
46675
46684
46693
46747
46760
46774
46801
46814
46828
46836
46845
46855
46868
46882
46895
46909
46918
46927
46963
46972
46980
46990
47000
47010
47017
47044
47071
47098
47109
47132
47142
47152
47179
47233
47287
47314
47395
47422
47449
47476
47503
47530
47557
47584
47611
47638
47665
47719
47746
47758
47827
47854
47881
47908
47935
47989
47995
48016
48043
48070
48124
48151
48178
48205
48232
48259
48286
48313
48340
48367
48394
48421
48448
48475
48485
48502
48529
48556
48637
48664
48691
48718
48728
48745
48785
48799
48826
48853
48934
48961
48988
49042
49069
49096
49109
49123
49150
49177
49204
49231
49258
49285
49312
49339
49366
49393
49447
49474
49528
49555
49582
49594
49609
49636
49663
49690
49717
49744
49771
49798
49852
49906
49933
49934
49960
49987
50014
50041
50068
50095
50122
50149
50176
50213
50230
50257
50311
50338
50365
50392
50419
50446
50473
50500
50527
50554
50608
50635
50662
50679
50716
50730
50743
50770
50797
50813
50851
50878
50905
50932
50959
50986
51013
51026
51040
51121
51131
51142
51175
51202
51229
51256
51283
51310
51322
51337
51364
51418
51445
51472
51499
51513
51580
51607
51634
51661
51688
51742
51755
51769
51796
51823
51850
51877
51904
51920
51958
51985
52001
52039
52066
52093
52147
52174
52201
52228
52255
52309
52341
52352
52363
52390
52417
52471
52498
52525
52552
52579
52606
52633
52660
52687
52714
52741
52768
52795
52822
52849
52876
52903
52930
52984
53011
53038
53065
53092
53146
53173
53200
53227
53254
53281
53308
53335
53362
53372
53416
53443
53470
53497
53524
53551
53578
53605
53632
53659
53686
53713
53726
53740
53767
53794
53821
53848
53875
53902
53929
53956
53983
54010
54037
54050
54064
54091
54118
54145
54199
54226
54253
54280
54295
54307
54334
54388
54415
54442
54469
54477
54486
54496
54577
54604
54631
54658
54685
54712
54739
54778
54793
54820
54847
54874
54901
54928
54955
54982
55009
55036
55063
55090
55117
55144
55171
55198
55225
55252
55279
55306
55333
55360
55375
55414
55441
55468
55495
55522
55576
55603
55684
55738
55750
55765
55792
55819
55846
55860
55900
55927
55981
56008
56023
56035
56072
56089
56116
56143
56170
56197
56224
56251
56278
56305
56359
56386
56413
56440
56467
56494
56521
56548
56575
56602
56629
56656
56710
56737
56764
56791
56818
56845
56872
56899
56926
56953
56980
57007
57061
57069
57079
57088
57115
57142
57169
57196
57206
57223
57250
57277
57304
57331
57358
57368
57385
57395
57402
57439
57466
57493
57520
57547
57574
57601
57628
57655
57682
57709
57736
57763
57790
57817
57844
57871
57898
57925
57952
57979
58006
58020
58033
58060
58087
58168
58195
58222
58249
58303
58330
58357
58384
58411
58420
58428
58438
58469
58519
58546
58573
58600
58627
58654
58664
58675
58708
58721
58735
58762
58789
58816
58843
58870
58924
58951
58961
58972
58992
59005
59059
59098
59113
59167
59194
59210
59221
59248
59275
59302
59329
59356
59383
59410
59437
59464
59491
59501
59518
59545
59572
59605
59626
59653
59680
59707
59734
59745
59761
59815
59827
59842
59896
59910
59923
59950
59977
60004
60031
60058
60085
60112
60139
60166
60176
60195
60223
60247
60274
60301
60328
60355
60382
60409
60436
60463
60473
60490
60517
60546
60571
60598
60625
60652
60684
60706
60733
60760
60787
60799
60814
60841
60868
60895
60930
60949
60976
61003
61030
61057
61084
61111
61138
61165
61192
61219
61246
61273
61300
61327
61354
61381
61408
61435
61462
61478
61489
61516
61543
61570
61597
61624
61651
61678
61705
61732
61759
61786
61813
61840
61867
61894
61921
61975
62056
62110
62137
62164
62191
62218
62245
62272
62326
62353
62380
62407
62461
62488
62505
62515
62542
62569
62623
62677
62731
62758
62785
62839
62866
62893
62920
62930
62947
62964
62974
63001
63028
63055
63082
63109
63136
63137
63163
63190
63217
63244
63271
63282
63298
63325
63352
63379
63406
63433
63447
63460
63487
63541
63568
63579
63588
63622
63649
63676
63703
63784
63811
63838
63851
63865
63892
63946
64000
64027
64054
64108
64135
64189
64216
64243
64297
64351
64378
64432
64459
64475
64486
64513
64550
64567
64577
64594
64648
64660
64675
64702
64729
64756
64783
64810
64837
64864
64891
64918
64945
64972
64999
65026
65053
65080
65107
65161
65188
65215
65242
65269
65296
65323
65338
65350
65404
65431
65458
65485
65512
65539
65566
65593
65620
65674
65701
65728
65755
65767
65782
65809
65836
65863
65890
65917
65944
65971
66025
66052
66060
66068
66079
66093
66106
66133
66134
66160
66187
66214
66241
66268
66276
66285
66295
66322
66349
66376
66430
66457
66484
66511
66538
66565
66592
66619
66673
66690
66700
66727
66740
66754
66781
66808
66835
66889
66916
66943
66997
67024
67051
67078
67105
67134
67213
67223
67231
67240
67267
67294
67305
67321
67348
67375
67402
67456
67483
67510
67537
67564
67618
67645
67672
67726
67753
67765
67780
67807
67861
67882
67915
67942
67969
67996
68050
68077
68106
68131
68158
68171
68196
68212
68228
68239
68266
68320
68347
68374
68401
68428
68455
68482
68509
68536
68572
68590
68644
68671
68698
68725
68752
68779
68806
68833
68860
68887
68900
68941
68995
69022
69034
69049
69076
69103
69130
69157
69184
69211
69238
69265
69292
69319
69346
69373
69400
69427
69454
69481
69508
69517
69526
69535
69589
69616
69632
69643
69670
69697
69724
69751
69778
69832
69886
69940
69967
70021
70102
70129
70156
70183
70210
70237
70270
70280
70291
70318
70345
70372
70399
70426
70453
70465
70480
70490
70507
70534
70548
70588
70615
70642
70669
70696
70750
70777
70804
70815
70831
70858
70885
70912
70939
70993
71020
71047
71074
71128
71155
71182
71209
71236
71263
71290
71317
71344
71371
71398
71452
71479
71506
71533
71560
71614
71641
71668
71695
71722
71749
71776
71803
71830
71857
71884
71911
71938
71965
72019
72073
72100
72112
72120
72127
72154
72181
72208
72235
72244
72253
72262
72289
72316
72343
72370
72410
72424
72505
72532
72559
72586
72613
72640
72667
72694
72721
72748
72775
72829
72856
72910
72937
73018
73045
73072
73126
73136
73153
73245
73261
73288
73300
73315
73342
73369
73396
73423
73450
73477
73504
73531
73554
73585
73612
73639
73666
73693
73720
73747
73774
73828
73882
73909
73936
73963
73990
74044
74071
74098
74125
74142
74152
74179
74206
74260
74287
74314
74341
74368
74395
74449
74557
74584
74601
74638
74665
74692
74719
74746
74827
74840
74854
74881
74908
74935
74962
74989
75016
75043
75072
75080
75089
75097
75124
75151
75178
75205
75270
75286
75340
75367
75394
75421
75448
75475
75502
75529
75556
75583
75610
75637
75664
75691
75718
75732
75745
75772
75799
75826
75853
75880
75907
75934
75961
75988
76015
76042
76059
76069
76123
76177
76204
76231
76258
76285
76312
76339
76366
76447
76474
76501
76528
76582
76595
76609
76636
76663
76690
76717
76744
76759
76771
76798
76825
76852
76879
76906
76933
76960
76987
77014
77027
77041
77068
77095
77149
77161
77176
77203
77230
77284
77311
77338
77365
77392
77446
77500
77527
77554
77581
77608
77618
77635
77662
77689
77716
77743
77770
77797
77824
77841
77851
77878
77905
77932
77986
78013
78026
78067
78094
78121
78148
78175
78202
78229
78256
78283
78310
78364
78418
78445
78472
78499
78526
78553
78580
78607
78634
78661
78688
78715
78742
78769
78823
78850
78877
78904
78931
78958
78985
79012
79039
79066
79093
79120
79147
79174
79201
79255
79282
79309
79336
79363
79390
79417
79444
79471
79498
79525
79537
79552
79579
79606
79633
79687
79714
79741
79768
79795
79822
79834
79876
79903
79930
79957
80011
80038
80065
80092
80119
80173
80227
80281
80308
80335
80362
80389
80400
80416
80443
80470
80497
80524
80551
80578
80605
80632
80659
80671
80686
80695
80704
80713
80740
80767
80794
80848
80875
80902
80929
80956
80985
81002
81064
81091
81118
81172
81199
81226
81253
81280
81307
81334
81361
81388
81415
81442
81472
81496
81523
81550
81577
81604
81631
81658
81685
81701
81712
81739
81766
81793
81820
81847
81874
81889
81901
81928
81955
81982
82009
82023
82036
82063
82076
82090
82117
82144
82171
82198
82225
82252
82279
82306
82333
82360
82387
82414
82441
82468
82495
82522
82549
82562
82603
82630
82641
82665
82675
82684
82711
82724
82738
82765
82792
82819
82846
82873
82900
82913
82927
82937
82981
83008
83062
83073
83089
83116
83143
83156
83210
83251
83278
83305
83332
83359
83368
83377
83386
83440
83467
83480
83494
83521
83548
83575
83602
83629
83656
83710
83764
83791
83818
83851
83859
83872
83899
83926
83953
83980
83993
84007
84024
84034
84061
84088
84115
84124
84132
84142
84155
84169
84223
84277
84290
84304
84331
84385
84412
84429
84439
84466
84493
84547
84601
84630
84655
84682
84736
84763
84790
84817
84871
84925
84952
84979
85033
85060
85087
85114
85168
85195
85208
85222
85249
85276
85303
85330
85357
85390
85411
85438
85465
85492
85519
85546
85573
85600
85627
85654
85681
85708
85762
85775
85789
85802
85816
85843
85870
85924
85978
86005
86024
86059
86086
86113
86140
86167
86194
86210
86221
86248
86275
86302
86315
86329
86356
86369
86383
86410
86437
86464
86491
86518
86545
86572
86599
86626
86653
86680
86707
86734
86761
86788
86815
86830
86842
86869
86950
87058
87112
87139
87166
87193
87220
87247
87263
87301
87355
87382
87409
87436
87463
87490
87517
87544
87571
87598
87625
87652
87669
87679
87706
87733
87787
87814
87841
87868
87895
87922
87949
88003
88030
88057
88084
88111
88165
88192
88219
88246
88273
88300
88327
88354
88371
88381
88408
88435
88462
88489
88504
88516
88526
88543
88570
88597
88624
88651
88678
88705
88732
88813
88867
88894
88921
88948
88975
89002
89029
89056
89083
89110
89137
89164
89177
89191
89218
89245
89254
89263
89272
89299
89326
89353
89380
89407
89425
89461
89488
89515
89542
89569
89596
89623
89650
89704
89719
89731
89758
89770
89785
89839
89866
89893
89910
89920
89947
89974
90001
90028
90055
90082
90122
90136
90163
90182
90217
90244
90271
90282
90298
90325
90352
90379
90433
90460
90487
90514
90541
90568
90595
90622
90631
90640
90658
90676
90703
90730
90757
90784
90811
90838
90851
90865
90892
90919
90946
90959
90973
91000
91027
91054
91081
91108
91135
91162
91189
91216
91243
91252
91261
91270
91297
91351
91378
91405
91459
91486
91513
91540
91567
91584
91594
91648
91675
91702
91741
91756
91783
91810
91837
91864
91891
91918
91999
92012
92026
92053
92134
92161
92215
92242
92269
92296
92323
92350
92377
92404
92431
92445
92470
92485
92512
92539
92566
92593
92620
92647
92674
92701
92728
92755
92782
92809
92836
92863
92890
92917
92944
92971
92998
93025
93052
93065
93079
93092
93106
93133
93187
93214
93241
93268
93295
93322
93376
93457
93484
93511
93525
93565
93592
93619
93646
93673
93700
93727
93808
93835
93862
93871
93880
93889
93916
93970
94005
94024
94051
94132
94186
94213
94294
94321
94345
94375
94402
94429
94442
94456
94520
94537
94564
94591
94618
94645
94658
94672
94685
94699
94726
94739
94753
94780
94807
94870
94879
94888
94915
94942
94969
94996
95050
95077
95104
95158
95185
95212
95310
95320
95347
95364
95374
95391
95401
95411
95428
95455
95482
95509
95553
95563
95590
95634
95644
95671
95698
95725
95752
95833
95860
95887
95914
95941
95968
96022
96049
96076
96103
96130
96211
96223
96265
96278
96292
96319
96350
96373
96400
96427
96454
96481
96508
96535
96562
96589
96616
96670
96697
96724
96751
96778
96832
96859
96886
96913
96926
96940
96967
96994
97021
97048
97102
97119
97129
97156
97183
97200
97210
97237
97264
97291
97318
97331
97345
97352
97359
97366
97372
97399
97426
97453
97480
97507
97534
97561
97588
97615
97642
97669
97696
97723
97750
97777
97812
97831
97858
97885
97912
97939
97966
97993
98020
98047
98074
98101
98182
98209
98236
98263
