86113
86140
86167
86194
86210
86221
86248
86275
86302
86315
86329
86356
86369
86383
86410
86437
86464
86491
86518
86545
86572
86599
86626
86653
86680
86707
86734
86761
86788
86815
86830
86842
86869
86950
87058
87112
87139
87166
87193
87220
87247
87263
87301
87355
87382
87409
87436
87463
87490
87517
87544
87571
87598
87625
87652
87669
87679
87706
87733
87787
87814
87841
87868
87895
87922
87949
88003
88030
88057
88084
88111
88165
88192
88219
88246
88273
88300
88327
88354
88371
88381
88408
88435
88462
88489
88504
88516
88526
88543
88570
88597
88624
88651
88678
88705
88732
88813
88867
88894
88921
88948
88975
89002
89029
89056
89083
89110
89137
89164
89177
89191
89218
89245
89254
89263
89272
89299
89326
89353
89380
89407
89425
89461
89488
89515
89542
89569
89596
89623
89650
89704
89719
89731
89758
89770
89785
89839
89866
89893
89910
89920
89947
89974
90001
90028
90055
90082
90122
90136
90163
90182
90217
90244
90271
90282
90298
90325
90352
90379
90433
90460
90487
90514
90541
90568
90595
90622
90631
90640
90658
90676
90703
90730
90757
90784
90811
90838
90851
90865
90892
90919
90946
90959
90973
91000
91027
91054
91081
91108
91135
91162
91189
91216
91243
91252
91261
91270
91297
91351
91378
91405
91459
91486
91513
91540
91567
91584
91594
91648
91675
91702
91741
91756
91783
91810
91837
91864
91891
91918
91999
92012
92026
92053
92134
92161
92215
92242
92269
92296
92323
92350
92377
92404
92431
92445
92470
92485
92512
92539
92566
92593
92620
92647
92674
92701
92728
92755
92782
92809
92836
92863
92890
92917
92944
92971
92998
93025
93052
93065
93079
93092
93106
93133
93187
93214
93241
93268
93295
93322
93376
93457
93484
93511
93525
93565
93592
93619
93646
93673
93700
93727
93808
93835
93862
93871
93880
93889
93916
93970
94005
94024
94051
94132
94186
94213
94294
94321
94345
94375
94402
94429
94442
94456
94520
94537
94564
94591
94618
94645
94658
94672
94685
94699
94726
94739
94753
94780
94807
94870
94879
94888
94915
94942
94969
94996
95050
95077
95104
95158
95185
95212
95310
95320
95347
95364
95374
95391
95401
95411
95428
95455
95482
95509
95553
95563
95590
95634
95644
95671
95698
95725
95752
95833
95860
95887
95914
95941
95968
96022
96049
96076
96103
96130
96211
96223
96265
96278
96292
96319
96350
96373
96400
96427
96454
96481
96508
96535
96562
96589
96616
96670
96697
96724
96751
96778
96832
96859
96886
96913
96926
96940
96967
96994
97021
97048
97102
97119
97129
97156
97183
97200
97210
97237
97264
97291
97318
97331
97345
97352
97359
97366
97372
97399
97426
97453
97480
97507
97534
97561
97588
97615
97642
97669
97696
97723
97750
97777
97812
97831
97858
97885
97912
97939
97966
97993
98020
98047
98074
98101
98182
98209
98236
98263
42346
42373
42400
42427
42439
42454
42481
42508
42535
42562
42616
42643
42670
42697
42724
42751
42778
42805
42832
42849
42859
42870
42913
42967
42978
42994
43021
43048
43064
43075
43102
43115
43129
43210
43217
43227
43237
43253
43264
43291
43345
43372
43383
43399
43426
43453
43480
43507
43534
43561
43571
43595
43604
43615
43642
43669
43696
43711
43723
43777
43804
43818
43831
43858
43885
43912
43939
43966
43993
44020
44047
44074
44128
44155
44182
44209
44236
44263
44290
44317
44344
44371
44398
44425
44452
44479
44506
44533
44560
44587
44614
44641
44668
44695
44722
44738
44789
44803
44830
44857
44884
44911
44925
44938
44965
44992
45032
45073
45100
45112
45127
45154
45181
45235
45262
18991
19018
19045
19060
19072
19099
19126
19153
19180
19207
19234
19261
19288
19315
19342
19369
19396
19423
19450
19477
19504
19531
19558
19585
19597
19612
19666
19693
19720
19755
19774
19801
19828
19882
19909
19936
19990
20044
20071
20098
20125
20152
20179
20206
20233
20247
20287
20314
20341
20368
20395
20422
20449
20476
20503
20530
20584
20595
20611
20632
20665
20692
20719
20746
20773
20800
20827
20854
20881
20890
20908
20935
20962
20980
21016
21043
21070
21097
21124
21151
21178
21205
21220
21232
21259
21286
21313
21340
21394
21421
21448
21475
21502
21529
21556
21583
21610
21637
21664
21691
21718
21745
21760
21772
21799
21826
21853
21928
21934
21961
