65107
65161
65188
65215
65242
65269
65296
65323
65338
65350
65404
65431
65458
65485
65512
65539
65566
65593
65620
65674
65701
65728
65755
65767
65782
65809
65836
65863
65890
65917
65944
65971
66025
66052
66060
66068
66079
66093
66106
66133
66134
66160
66187
66214
66241
66268
66276
66285
66295
66322
66349
66376
66430
66457
66484
66511
66538
66565
66592
66619
66673
66690
66700
66727
66740
66754
66781
66808
66835
66889
66916
66943
66997
67024
67051
67078
67105
67134
67213
67223
67231
67240
67267
67294
67305
67321
67348
67375
67402
67456
67483
67510
67537
67564
67618
67645
67672
67726
67753
67765
67780
67807
67861
67882
67915
67942
67969
67996
68050
68077
68106
68131
68158
68171
68196
68212
68228
68239
68266
68320
68347
68374
68401
68428
68455
68482
68509
68536
68572
68590
68644
68671
68698
68725
68752
68779
68806
68833
68860
68887
68900
68941
68995
69022
69034
69049
69076
69103
69130
69157
69184
69211
69238
69265
69292
69319
69346
69373
69400
69427
69454
69481
69508
69517
69526
69535
69589
69616
69632
69643
69670
69697
69724
69751
69778
69832
69886
69940
69967
70021
70102
70129
70156
70183
70210
70237
70270
70280
70291
70318
70345
70372
70399
70426
70453
70465
70480
70490
70507
70534
70548
70588
70615
70642
70669
70696
70750
70777
70804
70815
70831
70858
70885
70912
70939
70993
71020
71047
71074
71128
71155
71182
71209
71236
71263
71290
71317
71344
71371
71398
71452
71479
71506
71533
71560
71614
71641
71668
71695
71722
71749
71776
71803
71830
71857
71884
71911
71938
71965
72019
72073
72100
72112
72120
72127
72154
72181
72208
72235
72244
72253
72262
72289
72316
72343
72370
72410
72424
72505
72532
72559
72586
72613
72640
72667
72694
72721
72748
72775
72829
72856
72910
72937
73018
73045
73072
73126
73136
73153
73245
73261
73288
73300
73315
73342
73369
73396
73423
73450
73477
73504
73531
73554
73585
73612
73639
73666
73693
73720
73747
73774
73828
73882
73909
73936
73963
73990
74044
74071
74098
74125
74142
74152
74179
74206
74260
74287
74314
74341
74368
74395
74449
74557
74584
74601
74638
74665
74692
74719
74746
74827
74840
74854
74881
74908
74935
74962
74989
75016
75043
75072
75080
75089
75097
75124
75151
75178
75205
75270
75286
75340
75367
75394
75421
75448
75475
75502
75529
75556
75583
75610
75637
75664
75691
75718
75732
75745
75772
75799
75826
75853
75880
75907
75934
75961
75988
76015
76042
76059
76069
76123
76177
76204
76231
76258
76285
76312
76339
76366
76447
76474
76501
76528
76582
76595
76609
76636
76663
76690
76717
76744
76759
76771
76798
76825
76852
76879
76906
76933
76960
76987
77014
77027
77041
77068
77095
77149
77161
77176
77203
77230
77284
77311
77338
77365
77392
77446
77500
77527
77554
77581
77608
77618
77635
77662
77689
77716
77743
77770
77797
77824
77841
77851
77878
77905
77932
77986
78013
78026
78067
78094
78121
78148
78175
78202
78229
78256
78283
78310
78364
78418
78445
78472
78499
78526
78553
78580
78607
78634
78661
78688
78715
78742
78769
78823
78850
78877
78904
78931
78958
78985
79012
79039
79066
79093
79120
79147
79174
79201
79255
79282
79309
79336
79363
79390
79417
79444
79471
79498
79525
79537
79552
79579
79606
79633
79687
79714
79741
79768
79795
79822
79834
79876
79903
79930
79957
80011
80038
80065
80092
80119
80173
80227
80281
80308
80335
80362
80389
80400
80416
80443
80470
80497
80524
80551
80578
80605
80632
80659
80671
80686
80695
80704
80713
80740
80767
80794
80848
80875
80902
80929
80956
80985
81002
81064
81091
81118
81172
81199
81226
81253
81280
81307
81334
81361
81388
81415
81442
81472
81496
81523
81550
81577
81604
81631
81658
81685
81701
81712
81739
81766
81793
81820
81847
81874
81889
81901
81928
81955
81982
82009
82023
82036
82063
82076
82090
82117
82144
82171
82198
82225
82252
82279
82306
82333
82360
82387
82414
82441
82468
82495
82522
82549
82562
82603
82630
82641
82665
82675
82684
82711
82724
82738
82765
82792
82819
82846
82873
82900
82913
82927
82937
82981
83008
83062
83073
83089
83116
83143
83156
83210
83251
83278
83305
83332
83359
83368
83377
83386
83440
83467
83480
83494
83521
83548
83575
83602
83629
83656
83710
83764
83791
83818
83851
83859
83872
83899
83926
83953
83980
83993
84007
84024
84034
84061
84088
84115
84124
84132
84142
84155
84169
84223
84277
84290
84304
84331
84385
84412
84429
84439
84466
84493
84547
84601
84630
84655
84682
84736
84763
84790
84817
84871
84925
84952
84979
85033
85060
85087
85114
85168
85195
85208
85222
85249
85276
85303
85330
85357
85390
85411
85438
85465
85492
85519
85546
85573
85600
85627
85654
85681
85708
85762
85775
85789
85802
85816
85843
85870
85924
85978
86005
86024
86059
86086
