45289
45316
45343
45370
45397
45424
45436
45451
45478
45505
45532
45586
45613
45640
45667
45694
45721
45748
45761
45775
45802
45829
45844
45856
45883
45910
45937
45964
45991
46018
46045
46099
46126
46153
46180
46207
46234
46261
46315
46328
46342
46396
46423
46450
46465
46477
46489
46504
46531
46558
46585
46612
46639
46652
46666
46675
46684
46693
46747
46760
46774
46801
46814
46828
46836
46845
46855
46868
46882
46895
46909
46918
46927
46963
46972
46980
46990
47000
47010
47017
47044
47071
47098
47109
47132
47142
47152
47179
47233
47287
47314
47395
47422
47449
47476
47503
47530
47557
47584
47611
47638
47665
47719
47746
47758
47827
47854
47881
47908
47935
47989
47995
48016
48043
48070
48124
48151
48178
48205
48232
48259
48286
48313
48340
48367
48394
48421
48448
48475
48485
48502
48529
48556
48637
48664
48691
48718
48728
48745
48785
48799
48826
48853
48934
48961
48988
49042
49069
49096
49109
49123
49150
49177
49204
49231
49258
49285
49312
49339
49366
49393
49447
49474
49528
49555
49582
49594
49609
49636
49663
49690
49717
49744
49771
49798
49852
49906
49933
49934
49960
49987
50014
50041
50068
50095
50122
50149
50176
50213
50230
50257
50311
50338
50365
50392
50419
50446
50473
50500
50527
50554
50608
50635
50662
50679
50716
50730
50743
50770
50797
50813
50851
50878
50905
50932
50959
50986
51013
51026
51040
51121
51131
51142
51175
51202
51229
51256
51283
51310
51322
51337
51364
51418
51445
51472
51499
51513
51580
51607
51634
51661
51688
51742
51755
51769
51796
51823
51850
51877
51904
51920
51958
51985
52001
52039
52066
52093
52147
52174
52201
52228
52255
52309
52341
52352
52363
52390
52417
52471
52498
52525
52552
52579
52606
52633
52660
52687
52714
52741
52768
52795
52822
52849
52876
52903
52930
52984
53011
53038
53065
53092
53146
53173
53200
53227
53254
53281
53308
53335
53362
53372
53416
53443
53470
53497
53524
53551
53578
53605
53632
53659
53686
53713
53726
53740
53767
53794
53821
53848
53875
53902
53929
53956
53983
54010
54037
54050
54064
54091
54118
54145
54199
54226
54253
54280
54295
54307
54334
54388
54415
54442
54469
54477
54486
54496
54577
54604
54631
54658
54685
54712
54739
54778
54793
54820
54847
54874
54901
54928
54955
54982
55009
55036
55063
55090
55117
55144
55171
55198
55225
55252
55279
55306
55333
55360
55375
55414
55441
55468
55495
55522
55576
55603
55684
55738
55750
55765
55792
55819
55846
55860
55900
55927
55981
56008
56023
56035
56072
56089
56116
56143
56170
56197
56224
56251
56278
56305
56359
56386
56413
56440
56467
56494
56521
56548
56575
56602
56629
56656
56710
56737
56764
56791
56818
56845
56872
56899
56926
56953
56980
57007
57061
57069
57079
57088
57115
57142
57169
57196
57206
57223
57250
57277
57304
57331
57358
57368
57385
57395
57402
57439
57466
57493
57520
57547
57574
57601
57628
57655
57682
57709
57736
57763
57790
57817
57844
57871
57898
57925
57952
57979
58006
58020
58033
58060
58087
58168
58195
58222
58249
58303
58330
58357
58384
58411
58420
58428
58438
58469
58519
58546
58573
58600
58627
58654
58664
58675
58708
58721
58735
58762
58789
58816
58843
58870
58924
58951
58961
58972
58992
59005
59059
59098
59113
59167
59194
59210
59221
59248
59275
59302
59329
59356
59383
59410
59437
59464
59491
59501
59518
59545
59572
59605
59626
59653
59680
59707
59734
59745
59761
59815
59827
59842
59896
59910
59923
59950
59977
60004
60031
60058
60085
60112
60139
60166
60176
60195
60223
60247
60274
60301
60328
60355
60382
60409
60436
60463
60473
60490
60517
60546
60571
60598
60625
60652
60684
60706
60733
60760
60787
60799
60814
60841
60868
60895
60930
60949
60976
61003
61030
61057
61084
61111
61138
61165
61192
61219
61246
61273
61300
61327
61354
61381
61408
61435
61462
61478
61489
61516
61543
61570
61597
61624
61651
61678
61705
61732
61759
61786
61813
61840
61867
61894
61921
61975
62056
62110
62137
62164
62191
62218
62245
62272
62326
62353
62380
62407
62461
62488
62505
62515
62542
62569
62623
62677
62731
62758
62785
62839
62866
62893
62920
62930
62947
62964
62974
63001
63028
63055
63082
63109
63136
63137
63163
63190
63217
63244
63271
63282
63298
63325
63352
63379
63406
63433
63447
63460
63487
63541
63568
63579
63588
63622
63649
63676
63703
63784
63811
63838
63851
63865
63892
63946
64000
64027
64054
64108
64135
64189
64216
64243
64297
64351
64378
64432
64459
64475
64486
64513
64550
64567
64577
64594
64648
64660
64675
64702
64729
64756
64783
64810
64837
64864
64891
64918
64945
64972
64999
65026
65053
65080
