37
64
91
118
145
172
199
226
253
280
334
388
415
450
469
496
550
577
604
631
658
676
712
739
766
793
820
847
901
921
955
970
982
1009
1036
1063
1090
1117
1144
1171
1198
1225
1232
1252
1279
1306
1333
1360
1387
1414
1441
1468
1495
1522
1549
1603
1630
1657
1684
1711
1738
1765
1792
1819
1846
1873
1900
1927
1981
2008
2035
2062
2116
2143
2153
2170
2197
2224
2251
2278
2305
2332
2359
2386
2413
2440
2467
2494
2548
2575
2581
2590
2602
2629
2656
2683
2710
2764
2773
2791
2825
2845
2899
2901
2912
2926
2953
2965
2980
3007
3034
3088
3115
3142
3158
3196
3223
3250
3277
3304
3331
3358
3365
3375
3385
3395
3412
3439
3466
3493
3520
3547
3601
3655
3682
3709
3736
3763
3790
3817
3844
3871
3898
3925
3957
3979
4006
4021
4033
4054
4060
4087
4114
4130
4168
4195
4222
4249
4276
4303
4330
4357
4384
4411
4438
4465
4519
4549
4573
4587
4600
4627
4654
4681
4708
4762
4789
4816
4843
4870
4897
4924
4951
5005
5032
5059
5086
5113
5140
5167
5194
5221
5248
5275
5302
5329
5356
5410
5423
5437
5464
5491
5518
5545
5572
5599
5653
5680
5707
5734
5761
5788
5815
5842
5869
5896
5904
5923
5958
5977
6004
6031
6058
6076
6085
6112
6128
6139
6166
6186
6193
6220
6247
6261
6274
6301
6335
6355
6382
6436
6463
6490
6517
6571
6598
6625
6652
6679
6692
6706
6733
6760
6770
6779
6787
6814
6841
6868
6895
6922
6949
6976
7003
7030
7057
7084
7111
7138
7165
7192
7219
7246
7273
7300
7327
7354
7381
7408
7462
7489
7508
7543
7597
7624
7651
7678
7705
7732
7759
7786
7813
7824
7840
7867
7894
7921
7948
7975
8002
8029
8056
8083
8137
8164
8191
8209
8218
8245
8272
8299
8326
8353
8380
8407
8434
8461
8488
8515
8542
8569
8623
8650
8677
8704
8731
8749
8758
8785
8812
8839
8866
8893
8920
8947
8974
8992
9001
9028
9055
9082
9109
9163
9190
9217
9244
9271
9298
9325
9352
9379
9406
9433
9460
9487
9514
9532
9541
9568
9600
9622
9649
9676
9703
9730
9784
9801
9811
9838
9865
9892
9919
9946
9973
10000
10027
10081
10135
10162
10189
10198
10297
10324
10351
10378
10405
10418
10426
10459
10513
10540
10567
10594
10621
10648
10675
10702
10810
10837
10864
10891
10918
10945
10972
10999
11026
11040
11053
11080
11107
11134
11161
11175
11188
11215
11242
11269
11296
11323
11350
11377
11404
11415
11431
11512
11539
11566
11575
11593
11620
11647
11674
11701
11728
11755
11782
11809
11836
11863
11872
11890
11917
11944
11971
11998
12025
12052
12079
12106
12120
12133
12160
12187
12214
12241
12268
12295
12322
12349
12376
12457
12511
12565
12592
12646
12700
12713
12754
12781
12808
12835
12862
12872
12889
12890
12916
12943
12970
12997
13024
13051
13078
13132
13159
13170
13177
13221
13240
13267
13294
13321
13348
13375
13402
13429
13456
13483
13510
13537
13550
13564
13591
13618
13645
13699
13753
13807
13821
13834
13850
13861
13915
13969
13996
14023
14050
14077
14104
14158
14185
14212
14239
14266
14320
14347
14374
14401
14428
14455
14482
14536
14556
14570
14590
14644
14671
14698
14705
14752
14779
14806
14833
14860
14887
14914
14968
14995
15022
15049
15076
15083
15090
15103
15130
15157
15184
15211
15238
15265
15292
15319
15346
15373
15400
15427
15454
15481
15508
15535
15562
15589
15600
15616
15643
15670
15697
15724
15751
15769
15805
15832
15859
15886
15913
15940
15967
15994
16021
16048
16075
16102
16140
16156
16171
16183
16210
16223
16237
16264
16291
16318
16372
16426
16453
16480
16534
16561
16588
16615
16642
16696
16750
16777
16831
16858
16885
16912
16939
17047
17074
17101
17128
17155
17182
17209
17236
17263
17290
17317
17344
17371
17398
17420
17452
17479
17506
17514
17524
17533
17560
17625
17641
17668
17695
17722
17749
17776
17803
17830
17857
17870
17884
17911
17938
17965
17992
18019
18046
18100
18127
18154
18181
18208
18235
18262
18289
18316
18343
18370
18383
18397
18424
18451
18478
18505
18532
18559
18586
18613
18667
18680
18694
18712
18721
18748
18760
18775
18802
18829
18856
18883
18910
18937
18964
