21988
22015
22042
22069
22079
22096
22110
22177
22204
22231
22253
22285
22301
22312
22366
22393
22420
22427
22435
22447
22501
22528
22555
22582
22609
22690
22717
22744
22771
22798
22811
22825
22852
22864
22879
22933
22960
22987
22995
23041
23095
23102
23122
23149
23176
23203
23230
23257
23284
23311
23338
23365
23392
23419
23446
23473
23500
23513
23527
23554
23608
23635
23662
23689
23716
23743
23770
23797
23824
23851
23878
23905
23959
23986
24013
24040
24067
24094
24121
24148
24175
24202
24229
24256
24283
24310
24329
24337
24364
24391
24418
24433
24445
24472
24499
24526
24539
24553
24580
24607
24634
24646
24688
24715
24769
24796
24823
24850
24877
24904
24931
24958
24985
25012
25025
25039
25093
25120
25147
25174
25201
25228
25255
25282
25309
25336
25363
25390
25417
25444
25480
25498
25579
25598
25660
25687
25714
25741
25768
25795
25802
25813
25849
25876
25903
25930
25957
25984
26011
26024
26038
26065
26092
26119
26146
26173
26200
26227
26254
26275
26308
26345
26362
26389
26416
26443
26470
26497
26524
26551
26578
26632
26659
26686
26713
26750
26767
26794
26821
26848
26875
26902
26912
26956
26983
27010
27037
27064
27070
27076
27085
27118
27172
27199
27226
27253
27261
27280
27290
27300
27307
27334
27361
27372
27380
27442
27469
27496
27523
27550
27577
27592
27604
27631
27658
27685
27712
27739
27750
27766
27793
27820
27847
27874
27885
27901
27928
27955
27991
28009
28063
28090
28117
28144
28171
28198
28225
28252
28262
28306
28333
28360
28387
28414
28431
28441
28468
28495
28522
28549
28576
28603
28624
28657
28684
28711
28738
28765
28782
28819
28846
28860
28873
28900
28954
28981
29008
29035
29062
29089
29116
29143
29170
29224
29251
29265
29278
29305
29332
29359
29413
29440
29467
29494
29510
29521
29548
29575
29602
29656
29683
29698
29710
29737
29764
29775
29791
29818
29845
29872
29899
29953
29980
30007
30034
30061
30088
30115
30142
30171
30196
30223
30250
30277
30304
30331
30358
30385
30412
30439
30466
30493
30520
30547
30574
30601
30628
30655
30682
30736
30748
30755
30763
30790
30817
30844
30858
30871
30898
30925
30952
30979
31033
31060
31087
31114
31150
31158
31168
31195
31222
31249
31276
31303
31330
31384
31411
31438
31450
31465
31478
31492
31519
31546
31573
31600
31627
31681
31735
31762
31789
31843
31870
31897
31924
31978
32032
32059
32086
32113
32140
32167
32194
32221
32248
32275
32302
32329
32356
32383
32437
32451
32491
32506
32518
32572
32599
32626
32637
32653
32707
32720
32734
32761
32788
32815
32842
32850
32869
32896
32950
32977
33004
33031
33166
33193
33220
33247
33274
33301
33328
33355
33409
33436
33463
33490
33517
33544
33598
33612
33625
33635
33652
33679
33695
33706
33733
33749
33760
33787
33798
33814
33841
33868
33895
33922
33938
34003
34030
34057
34072
34084
34111
34138
34151
34165
34192
34219
34229
34246
34273
34300
34327
34354
34381
34397
34408
34435
34462
34470
34478
34489
34516
34543
34554
34570
34597
34613
34624
34651
34678
34705
34759
34786
34813
34826
34840
34894
34921
34975
35002
35029
35083
35137
35164
35191
35218
35272
35299
35326
35353
35380
35407
35434
35461
35488
35515
35542
35569
35596
35623
35677
35690
35704
35716
35731
35758
35785
35812
35839
35866
35893
35920
35974
35987
36001
36028
36055
36082
36109
36136
36190
36217
36231
36244
36271
36298
36325
36352
36396
36406
36433
36460
36514
36541
36568
36585
36622
36649
36676
36703
36730
36784
36798
36811
36823
36838
36865
36878
36892
36919
36946
36973
37000
37054
37081
37091
37108
37135
37145
37162
37189
37216
37232
37243
37324
37378
37405
37432
37459
37486
37513
37540
37567
37594
37621
37648
37675
37702
37716
37729
37756
37783
37810
37823
37837
37864
37891
37918
37945
37959
37972
37999
38026
38053
38080
38134
38161
38172
38215
38242
38269
38296
38323
38350
38404
38431
38445
38485
38566
38580
38593
38620
38647
38674
38713
38728
38755
38794
38809
38823
38863
38890
38903
38917
38944
38971
38998
39025
39052
39079
39133
39160
39187
39214
39241
39268
39295
39322
39349
39376
39403
39416
39430
39457
39511
39524
39538
39565
39592
39619
39646
39673
39700
39712
39727
39758
39781
39808
39821
39835
39862
39916
39943
39970
39997
40024
40078
40105
40132
40186
40189
40213
40240
40267
40294
40321
40348
40375
40402
40429
40456
40537
40547
40564
40591
40618
40645
40672
40699
40726
40753
40780
40807
40834
40861
40888
40915
40942
40955
40969
40996
41023
41050
41077
41100
41131
41158
41185
41212
41239
41266
41293
41320
41347
41360
41374
41401
41482
41509
41536
41563
41590
41617
41644
41671
41698
41725
41752
41779
41806
41833
41914
41941
41995
42022
42049
42076
42103
42157
42184
42211
42265
42319
